Features: landing_height eroded_cells row_trans col_trans pits cuml_wells deep_wells max_well cuml_cleared pit_depth pit_rows tetris

Weights: -17.84303 -64.50654 -16.20005 -53.06947 -53.23822 -8.680245 -0.2771131 80.23337 -5.0577417 -4.9643727 4.779058 28.11260

Variances: 21.5382 23.91866 7.74722 42.32221 40.21499 6.544137 20.36678 11.37082 6.894212 11.90838 21.49596 24.46683
